[assist/metadata]
version = 9.0.0
modtime = 1658233384.372626000

[assist/ui]
version = 9.0.0
modtime = 1658233385.839997000
